4294967294,0
4294967279,31
4294967278,117
4294967278,114
4294967278,37
4294967278,30
4294967278,29
4294967278,27
4294967278,21
4294967278,19
4294967278,9
4294967278,8
4294967278,6
4294967279,118
4294967279,117
4294967279,29
4294967278,521
190,137
190,242
190,241
190,240
190,239
190,238
190,321
190,237
190,0
190,12
190,384
190,236
190,235
190,234
4294967278,269
190,233
190,232
190,231
190,230
190,229
190,228
190,227
190,226
190,225
190,224
190,223
190,222
190,221
190,220
190,219
190,218
190,217
190,216
190,215
190,214
190,213
190,320
190,212
190,49
190,211
190,256
190,50
190,210
190,166
190,134
190,209
190,208
190,207
190,206
190,205
4294967279,232
4294967279,230
190,204
4294967279,214
4294967278,212
190,203
4294967278,202
4294967279,203
190,165
190,132
190,202
190,201
4294967278,190
4294967278,105
4294967278,103
4294967278,93
4294967278,83
4294967278,81
4294967278,73
4294967278,70
4294967278,41
4294967278,40
4294967278,38
4294967278,32
4294967278,28
4294967278,18
4294967279,49
4294967279,42
4294967279,22
4294967279,9
190,200
190,164
190,63
190,199
190,198
190,197
190,163
190,162
190,196
190,195
190,194
190,133
190,161
190,59
190,160
190,193
190,57
190,159
190,158
190,41
190,130
190,157
190,156
190,129
190,127
190,126
190,155
190,154
190,153
190,62
190,152
190,23
190,151
190,24
190,60
190,61
190,150
190,149
190,58
190,131
190,148
190,147
190,56
190,14
190,146
190,15
190,145
190,46
190,144
190,143
190,26
190,128
190,125
190,142
190,25
190,124
190,123
190,122
190,141
190,47
190,121
190,140
190,13
190,120
190,119
190,118
190,139
190,117
190,192
190,43
190,116
190,138
190,42
190,44
190,136
190,55
190,115
190,114
190,113
190,112
190,111
190,135
190,110
190,109
190,108
190,107
190,106
190,105
190,104
190,103
190,102
190,101
190,100
190,99
190,98
190,97
190,96
190,95
190,94
190,93
190,92
190,91
190,90
190,89
190,88
190,87
190,86
190,85
4294967279,269
4294967278,277
4294967278,261
4294967278,259
4294967278,258
4294967278,312
4294967278,538
4294967279,317
4294967278,536
4294967279,255
4294967278,252
4294967279,250
4294967279,242
4294967279,240
4294967278,234
4294967279,234
4294967278,232
190,84
190,83
190,82
4294967278,96
4294967278,84
4294967279,107
4294967279,105
4294967279,104
4294967279,102
4294967279,99
4294967279,97
4294967279,74
4294967279,47
190,81
190,80
190,79
190,78
190,77
190,76
190,75
190,74
190,73
190,72
190,71
190,70
190,69
190,68
190,67
190,66
190,65
190,64
190,54
190,53
190,52
190,51
190,48
190,45
190,40
190,39
190,38
190,37
190,36
190,35
190,34
190,33
190,32
190,31
190,30
190,29
190,28
190,27
190,22
190,21
190,20
190,19
190,18
190,17
190,16
190,6
190,5
4294967279,204
190,11
190,10
190,9
190,8
190,1
190,7
190,2
190,4
189,89
189,88
4294967279,192
189,87
189,86
189,133
189,51
189,132
189,16
189,85
189,84
189,83
189,131
189,13
189,130
189,48
189,129
189,25
189,82
189,81
189,0
4294967279,198
189,128
4294967278,192
4294967279,193
4294967278,191
4294967279,187
4294967279,186
189,42
189,63
189,80
189,24
189,62
189,47
189,61
189,45
189,79
189,78
189,77
189,60
189,59
189,40
189,17
189,58
189,39
189,76
189,75
189,57
189,22
189,56
189,41
189,55
189,14
189,74
189,73
189,72
189,71
189,70
189,69
189,68
189,67
189,66
189,65
189,64
189,54
189,53
189,52
189,29
189,50
189,49
189,46
189,44
189,43
189,38
189,37
189,36
189,35
189,34
189,33
189,32
4294967279,127
4294967279,121
4294967279,119
4294967279,116
4294967279,113
4294967279,110
4294967279,108
4294967279,80
4294967279,77
4294967279,45
4294967279,35
4294967279,34
4294967279,33
4294967279,409
4294967279,21
4294967279,13
189,31
189,30
189,28
189,27
189,26
189,23
189,21
189,20
189,19
189,18
189,6
189,15
189,5
189,12
189,11
189,10
189,9
189,8
189,1
189,7
189,2
4294967279,434
4294967278,533
189,4
191,72
191,0
191,50
191,128
188,35
188,0
188,16
188,34
191,71
188,18
191,39
191,70
188,33
4294967279,244
4294967278,242
4294967279,237
191,69
191,23
4294967279,236
188,32
4294967278,230
191,68
191,40
4294967279,228
191,67
4294967278,226
4294967279,226
4294967278,224
4294967279,224
4294967279,222
4294967279,220
191,66
4294967278,218
191,15
4294967279,218
4294967279,216
188,31
188,19
4294967279,213
188,30
188,29
188,20
4294967279,212
191,65
4294967279,211
4294967279,210
4294967278,208
191,64
191,63
4294967278,207
191,43
191,62
4294967279,207
4294967279,206
4294967279,205
191,61
188,28
188,15
188,27
188,26
188,17
191,60
191,14
188,25
191,59
188,24
191,58
191,41
191,57
191,56
191,55
191,54
191,53
191,52
191,26
191,51
191,49
191,42
188,23
188,22
191,48
191,47
191,16
191,46
191,45
191,30
191,44
188,21
188,7
188,6
188,5
188,14
188,13
188,12
191,28
4294967279,202
4294967279,201
191,38
191,37
188,11
191,36
188,10
191,35
191,34
191,33
191,32
191,31
188,9
188,1
188,8
188,2
191,29
4294967279,397
191,27
191,18
188,4
25,152
25,151
25,150
25,149
25,148
25,101
25,67
25,100
25,34
25,99
25,35
4294967279,194
25,147
25,98
25,97
25,43
25,96
25,27
25,95
25,37
25,146
25,60
25,94
25,145
25,93
25,30
25,92
25,55
25,144
25,91
25,19
25,143
4294967279,200
4294967278,198
4294967279,199
4294967278,197
4294967278,196
4294967279,197
25,90
4294967279,196
4294967278,194
4294967279,195
4294967279,191
25,142
4294967279,190
25,13
4294967278,188
4294967279,189
25,62
4294967279,188
25,89
25,141
25,52
4294967278,184
4294967279,185
4294967278,182
4294967278,181
4294967278,175
4294967278,170
25,140
25,88
25,59
25,139
25,87
25,58
25,86
25,85
25,84
25,11
25,12
25,83
25,82
25,63
25,81
25,80
25,10
25,53
